10 74 540 490 r
74 10 547 568 l
54 10 561 510 l
32 10 570 502 l
10 54 609 489 l
55 10 548 483 r
53 10 548 57 r
10 28 540 63 r
53 10 548 98 l
10 28 608 65 l
55 10 548 146 r
10 55 540 153 r
55 10 548 166 l
10 55 608 153 l
10 192 660 15 r
300 10 353 10 l
300 10 18 10 l
192 10 10 15 l
104 10 18 213 r
10 75 130 219 l
110 10 10 300 l
110 10 10 346 r
75 10 130 352 l
104 10 18 436 l
10 100 10 442 l
32 10 18 548 r
10 10 56 554 l
32 10 18 570 l
100 10 10 576 l
638 10 18 680 r
100 10 660 576 r
32 10 621 570 l
10 10 614 554 r
32 10 620 548 r
100 10 660 442 r
104 10 550 436 l
75 10 541 352 r
110 10 550 346 r
110 10 550 300 l
75 10 541 219 r
104 10 550 213 r
75 10 346 15 l
10 10 330 98 l
75 10 324 15 r
80 10 403 57 r
28 10 397 63 r
80 10 403 98 l
28 10 490 65 l
80 10 187 57 r
28 10 181 63 r
80 10 187 98 l
28 10 274 65 l
55 10 68 57 r
28 10 61 63 r
55 10 68 98 l
28 10 129 65 l
55 10 68 146 r
10 55 60 153 r
55 10 68 166 l
10 55 129 153 l
152 10 260 146 r
10 55 253 153 r
10 55 417 153 l
58 10 260 166 l
58 10 355 166 l
54 10 325 175 r
54 10 345 175 l
10 10 331 232 l
152 10 260 414 r
10 55 253 420 r
10 55 417 420 l
58 10 260 433 l
58 10 355 433 l
54 10 325 442 r
54 10 345 442 l
10 10 331 501 l
152 10 260 549 r
10 55 253 555 r
10 55 417 555 l
58 10 260 568 l
58 10 355 568 l
54 10 325 575 r
54 10 345 575 l
10 10 331 636 l
80 10 404 482 r
10 10 396 489 r
80 10 404 502 l
10 10 489 489 l
80 10 187 482 r
10 10 181 489 r
80 10 187 502 l
10 10 273 489 l
55 10 69 482 r
74 10 130 489 l
10 10 116 568 l
54 10 109 509 r
32 10 69 501 l
10 10 62 489 r
104 10 69 616 r
10 10 62 623 r
198 10 69 637 l
10 10 274 623 l
57 10 211 616 r
55 10 202 556 l
10 10 187 549 r
55 10 180 556 r
198 10 404 637 l
10 10 609 623 l
104 10 498 616 r
57 10 404 616 r
55 10 490 556 l
10 10 475 549 r
55 10 468 556 r
10 10 397 623 r
74 10 180 355 r
74 10 202 355 l
10 10 187 347 r
10 10 187 434 l
74 10 469 355 r
74 10 490 355 l
10 10 475 347 r
10 10 475 434 l
84 10 253 283 r
84 10 417 283 l
160 10 256 368 l
142 10 180 153 r
142 10 490 153 l
56 10 202 153 l
56 10 202 239 l
56 10 468 153 r
56 10 468 239 r
10 10 187 147 r
10 10 187 300 l
10 10 474 147 r
10 10 474 300 l
56 10 209 213 r
56 10 209 232 l
56 10 403 213 r
56 10 403 232 l
10 10 272 219 l
10 10 397 219 r
52 10 257 279 r
52 10 363 279 r