2 74 540 490 r
10 2 547 568 l
2 54 561 510 l
32 2 570 502 l
2 10 609 489 l
55 2 548 483 r
53 2 548 57 r
2 28 540 63 r
53 2 548 98 l
2 28 608 65 l
55 2 548 146 r
2 10 540 153 r
55 2 548 166 l
2 10 608 153 l
2 192 660 15 r
300 2 353 10 l
300 2 18 10 l
2 192 10 15 l
104 2 18 213 r
2 75 130 219 l
110 2 10 300 l
110 2 10 346 r
2 75 130 352 l
104 2 18 436 l
2 100 10 442 l
32 2 18 548 r
2 10 56 554 l
32 2 18 570 l
2 100 10 576 l
638 2 18 680 r
2 100 660 576 r
32 2 621 570 l
2 10 614 554 r
32 2 620 548 r
2 100 660 442 r
104 2 550 436 l
2 75 541 352 r
110 2 550 346 r
110 2 550 300 l
2 75 541 219 r
104 2 550 213 r
2 75 346 15 l
10 2 330 98 l
2 75 324 15 r
80 2 403 57 r
2 28 397 63 r
80 2 403 98 l
2 28 490 65 l
80 2 187 57 r
2 28 181 63 r
80 2 187 98 l
2 28 274 65 l
55 2 68 57 r
2 28 61 63 r
55 2 68 98 l
2 28 129 65 l
55 2 68 146 r
2 10 60 153 r
55 2 68 166 l
2 10 129 153 l
152 2 260 146 r
2 10 253 153 r
2 10 417 153 l
58 2 260 166 l
58 2 355 166 l
2 54 325 175 r
2 54 345 175 l
10 2 331 232 l
152 2 260 414 r
2 10 253 420 r
2 10 417 420 l
58 2 260 433 l
58 2 355 433 l
2 54 325 442 r
2 54 345 442 l
10 2 331 501 l
152 2 260 549 r
2 10 253 555 r
2 10 417 555 l
58 2 260 568 l
58 2 355 568 l
2 54 325 575 r
2 54 345 575 l
10 2 331 636 l
80 2 404 482 r
2 10 396 489 r
80 2 404 502 l
2 10 489 489 l
80 2 187 482 r
2 10 181 489 r
80 2 187 502 l
2 10 273 489 l
55 2 69 482 r
2 74 130 489 l
10 2 116 568 l
2 54 109 509 r
32 2 69 501 l
2 10 62 489 r
104 2 69 616 r
2 10 62 623 r
198 2 69 637 l
2 10 274 623 l
57 2 211 616 r
2 55 202 556 l
10 2 187 549 r
2 55 180 556 r
198 2 404 637 l
2 10 609 623 l
104 2 498 616 r
57 2 404 616 r
2 55 490 556 l
10 2 475 549 r
2 55 468 556 r
2 10 397 623 r
2 74 180 355 r
2 74 202 355 l
10 2 187 347 r
10 2 187 434 l
2 74 469 355 r
2 74 490 355 l
10 2 475 347 r
10 2 475 434 l
2 84 253 283 r
2 84 417 283 l
160 2 256 368 l
2 142 180 153 r
2 142 490 153 l
2 56 202 153 l
2 56 202 239 l
2 56 468 153 r
2 56 468 239 r
10 2 187 147 r
10 2 187 300 l
10 2 474 147 r
10 2 474 300 l
56 2 209 213 r
56 2 209 232 l
56 2 403 213 r
56 2 403 232 l
2 10 272 219 l
2 10 397 219 r
52 2 257 279 r
52 2 363 279 r
