12 4
13 4
5 1
11 1
14 1
20 1
25 1
0 2
25 2
5 5
8 5
17 5
25 5
0 6
25 6
6 7
7 7
18 7
19 7
5 8
11 8
14 8
20 8
6 10
7 10
18 10
19 10
0 11
25 11
5 12
8 12
9 12
10 12
11 12
14 12
15 12
16 12
17 12
20 12
21 12
24 12
5 13
8 13
9 13
10 13
11 13
14 13
15 13
16 13
17 13
20 13
21 13
24 13
5 14
8 14
9 14
10 14
11 14
14 14
15 14
16 14
17 14
20 14
21 14
24 14
5 15
8 15
17 15
20 15
5 16
8 16
17 16
20 16
0 18
25 18
0 19
25 19
3 20
4 20
21 20
22 20
0 21
25 21
2 21
17 21
20 21
23 21
0 22
25 22
6 22
7 22
18 22
19 22
0 23
25 23
11 23
14 23
0 24
25 24
